   occupation matrix (subspace #           1 , spin            1 )
   1.00000   0.00000   0.00000   0.00000   0.00000
   0.00000   1.00000   0.00000   0.00000   0.00000
   0.00000   0.00000   0.00000   0.00000   0.00000
   0.00000   0.00000   0.00000   1.00000   0.00000
   0.00000   0.00000   0.00000   0.00000   1.00000
   occupation matrix (subspace #           1 , spin            2 )
   1.00000   0.00000   0.00000   0.00000   0.00000
   0.00000   1.00000   0.00000   0.00000   0.00000
   0.00000   0.00000   0.00000   0.00000   0.00000
   0.00000   0.00000   0.00000   1.00000   0.00000
   0.00000   0.00000   0.00000   0.00000   1.00000
   occupation matrix (subspace #           2 , spin            1 )
   1.00000   0.00000   0.00000   0.00000   0.00000
   0.00000   1.00000   0.00000   0.00000   0.00000
   0.00000   0.00000   1.00000   0.00000   0.00000
   0.00000   0.00000   0.00000   1.00000   0.00000
   0.00000   0.00000   0.00000   0.00000   1.00000
   occupation matrix (subspace #           2 , spin            2 )
   1.00000   0.00000   0.00000   0.00000   0.00000
   0.00000   1.00000   0.00000   0.00000   0.00000
   0.00000   0.00000   1.00000   0.00000   0.00000
   0.00000   0.00000   0.00000   1.00000   0.00000
   0.00000   0.00000   0.00000   0.00000   1.00000
   occupation matrix (subspace #           3 , spin            1 )
   1.00000   0.00000   0.00000   0.00000   0.00000
   0.00000   1.00000   0.00000   0.00000   0.00000
   0.00000   0.00000   1.00000   0.00000   0.00000
   0.00000   0.00000   0.00000   1.00000   0.00000
   0.00000   0.00000   0.00000   0.00000   1.00000
   occupation matrix (subspace #           3 , spin            2 )
   1.00000   0.00000   0.00000   0.00000   0.00000
   0.00000   1.00000   0.00000   0.00000   0.00000
   0.00000   0.00000   1.00000   0.00000   0.00000
   0.00000   0.00000   0.00000   1.00000   0.00000
   0.00000   0.00000   0.00000   0.00000   1.00000
